t       Pt
-29.997	7.46942e-26
-29.964	8.583599999999999e-26
-29.931	9.907009999999999e-26
-29.898	1.1378299999999998e-25
-29.865	1.2662e-25
-29.832	1.38284e-25
-29.799	1.43787e-25
-29.766	1.47532e-25
-29.733	1.45757e-25
-29.7	1.4522299999999997e-25
-29.667	1.4682999999999999e-25
-29.634	1.53965e-25
-29.601	1.69032e-25
-29.568	1.8829499999999998e-25
-29.535	2.09492e-25
-29.502	2.2190099999999997e-25
-29.469	2.27734e-25
-29.436	2.2241799999999997e-25
-29.403	2.1462599999999997e-25
-29.37	2.1419e-25
-29.337	2.30679e-25
-29.304	2.7250499999999998e-25
-29.271	3.3925599999999997e-25
-29.238	4.27664e-25
-29.205	5.206269999999999e-25
-29.172	6.08645e-25
-29.139	6.7852899999999995e-25
-29.106	7.17964e-25
-29.073	7.312599999999999e-25
-29.04	7.133169999999999e-25
-29.007	6.75718e-25
-28.974	6.190249999999999e-25
-28.941	5.5692199999999995e-25
-28.908	4.924179999999999e-25
-28.875	4.354199999999999e-25
-28.842	3.91513e-25
-28.809	3.61208e-25
-28.776	3.5415899999999994e-25
-28.743	3.60265e-25
-28.71	3.7949399999999997e-25
-28.677	3.9821199999999996e-25
-28.644	4.1139699999999997e-25
-28.611	4.096079999999999e-25
-28.578	3.9046999999999996e-25
-28.545	3.6037199999999996e-25
-28.512	3.22708e-25
-28.479	2.9031099999999994e-25
-28.446	2.6806699999999998e-25
-28.413	2.63767e-25
-28.38	2.7669199999999998e-25
-28.347	3.03729e-25
-28.314	3.3901699999999996e-25
-28.281	3.6986999999999997e-25
-28.248	3.9598399999999994e-25
-28.215	4.0473199999999995e-25
-28.182	4.064e-25
-28.149	3.96458e-25
-28.116	3.8429899999999997e-25
-28.083	3.6869599999999996e-25
-28.05	3.5033499999999998e-25
-28.017	3.27598e-25
-27.984	2.9701299999999998e-25
-27.951	2.6336199999999998e-25
-27.918	2.2393900000000002e-25
-27.885	1.8629999999999998e-25
-27.852	1.51255e-25
-27.819	1.21375e-25
-27.786	9.681469999999998e-26
-27.753	7.64548e-26
-27.72	6.084699999999999e-26
-27.687	4.7281999999999994e-26
-27.654	4.0201e-26
-27.621	3.7495599999999994e-26
-27.588	4.00814e-26
-27.555	4.6964299999999997e-26
-27.522	5.394789999999999e-26
-27.489	6.046299999999999e-26
-27.456	6.161109999999999e-26
-27.423	5.99335e-26
-27.39	5.32221e-26
-27.357	4.5360599999999996e-26
-27.324	3.6597099999999995e-26
-27.291	2.86253e-26
-27.258	2.18711e-26
-27.225	1.6174599999999997e-26
-27.192	1.1002699999999999e-26
-27.159	6.05549e-27
-27.126	2.38894e-27
-27.093	3.20592e-28
-27.06	8.83788e-28
-27.027	4.92144e-27
-26.994	1.2549499999999999e-26
-26.961	2.5413399999999996e-26
-26.928	4.19132e-26
-26.895	6.387829999999999e-26
-26.862	8.844419999999998e-26
-26.829	1.1528499999999998e-25
-26.796	1.4159799999999998e-25
-26.763	1.67795e-25
-26.73	1.95157e-25
-26.697	2.23096e-25
-26.664	2.57857e-25
-26.631	2.94016e-25
-26.598	3.30894e-25
-26.565	3.6181199999999997e-25
-26.532	3.80084e-25
-26.499	3.81534e-25
-26.466	3.64902e-25
-26.433	3.3755399999999997e-25
-26.4	2.99253e-25
-26.367	2.62991e-25
-26.334	2.26141e-25
-26.301	1.9774099999999997e-25
-26.268	1.7397499999999997e-25
-26.235	1.5893999999999998e-25
-26.202	1.4942899999999998e-25
-26.169	1.46791e-25
-26.136	1.54228e-25
-26.103	1.7079899999999997e-25
-26.07	2.0271099999999998e-25
-26.037	2.50469e-25
-26.004	3.20194e-25
-25.971	4.0633699999999996e-25
-25.938	5.14815e-25
-25.905	6.350789999999999e-25
-25.872	7.652389999999999e-25
-25.839	9.05429e-25
-25.806	1.0409100000000002e-24
-25.773	1.17468e-24
-25.74	1.2917500000000002e-24
-25.707	1.3943100000000001e-24
-25.674	1.4631700000000003e-24
-25.641	1.50819e-24
-25.608	1.5231200000000002e-24
-25.575	1.5122700000000002e-24
-25.542	1.48382e-24
-25.509	1.4376100000000003e-24
-25.476	1.39139e-24
-25.443	1.3329600000000002e-24
-25.41	1.28345e-24
-25.377	1.2274700000000001e-24
-25.344	1.18364e-24
-25.311	1.1439500000000002e-24
-25.278	1.1120200000000002e-24
-25.245	1.0889500000000002e-24
-25.212	1.0703800000000002e-24
-25.179	1.0578700000000002e-24
-25.146	1.0378700000000001e-24
-25.113	1.0191e-24
-25.08	9.90989e-25
-25.047	9.63761e-25
-25.014	9.360049999999998e-25
-24.981	9.140549999999999e-25
-24.948	9.03149e-25
-24.915	9.01901e-25
-24.882	9.17128e-25
-24.849	9.33151e-25
-24.816	9.61214e-25
-24.783	9.84569e-25
-24.75	1.0074500000000001e-24
-24.717	1.01298e-24
-24.684	1.0142700000000002e-24
-24.651	9.996519999999999e-25
-24.618	9.78072e-25
-24.585	9.51899e-25
-24.552	9.24245e-25
-24.519	9.02857e-25
-24.486	8.86292e-25
-24.453	8.85206e-25
-24.42	8.934179999999998e-25
-24.387	9.26182e-25
-24.354	9.73206e-25
-24.321	1.0436000000000002e-24
-24.288	1.13218e-24
-24.255	1.2374000000000002e-24
-24.222	1.3479500000000002e-24
-24.189	1.45695e-24
-24.156	1.5640600000000001e-24
-24.123	1.6469800000000002e-24
-24.09	1.71651e-24
-24.057	1.7574600000000003e-24
-24.024	1.7862100000000004e-24
-23.991	1.79643e-24
-23.958	1.8076200000000003e-24
-23.925	1.8132e-24
-23.892	1.8268300000000003e-24
-23.859	1.8485200000000002e-24
-23.826	1.86341e-24
-23.793	1.8778200000000002e-24
-23.76	1.8731400000000002e-24
-23.727	1.86128e-24
-23.694	1.8210100000000003e-24
-23.661	1.77526e-24
-23.628	1.71962e-24
-23.595	1.65702e-24
-23.562	1.59072e-24
-23.529	1.5189400000000001e-24
-23.496	1.4440600000000001e-24
-23.463	1.3571400000000002e-24
-23.43	1.2801000000000001e-24
-23.397	1.19881e-24
-23.364	1.1413800000000002e-24
-23.331	1.10382e-24
-23.298	1.0953300000000001e-24
-23.265	1.1081200000000001e-24
-23.232	1.1334100000000002e-24
-23.199	1.1584100000000001e-24
-23.166	1.1586900000000002e-24
-23.133	1.1416800000000001e-24
-23.1	1.0916900000000002e-24
-23.067	1.02809e-24
-23.034	9.50926e-25
-23.001	8.847379999999998e-25
-22.968	8.2544e-25
-22.935	7.904179999999999e-25
-22.902	7.732039999999999e-25
-22.869	7.693819999999999e-25
-22.836	7.784209999999999e-25
-22.803	7.911959999999999e-25
-22.77	8.0430799999999995e-25
-22.737	8.117309999999999e-25
-22.704	8.2705e-25
-22.671	8.37297e-25
-22.638	8.614019999999999e-25
-22.605	8.8923e-25
-22.572	9.31358e-25
-22.539	9.732349999999999e-25
-22.506	1.01358e-24
-22.473	1.04779e-24
-22.44	1.0655600000000002e-24
-22.407	1.0719000000000002e-24
-22.374	1.0591900000000002e-24
-22.341	1.0334100000000001e-24
-22.308	9.84977e-25
-22.275	9.30752e-25
-22.242	8.59769e-25
-22.209	7.906899999999999e-25
-22.176	7.225869999999999e-25
-22.143	6.65714e-25
-22.11	6.243929999999999e-25
-22.077	6.03814e-25
-22.044	6.090989999999999e-25
-22.011	6.32536e-25
-21.978	6.8174799999999995e-25
-21.945	7.3757399999999995e-25
-21.912	8.070569999999999e-25
-21.879	8.711679999999998e-25
-21.846	9.40394e-25
-21.813	9.98253e-25
-21.78	1.05385e-24
-21.747	1.1015800000000001e-24
-21.714	1.1418e-24
-21.681	1.1778800000000002e-24
-21.648	1.2017800000000002e-24
-21.615	1.22348e-24
-21.582	1.22806e-24
-21.549	1.2301100000000002e-24
-21.516	1.2102500000000001e-24
-21.483	1.18159e-24
-21.45	1.13347e-24
-21.417	1.08143e-24
-21.384	1.0247200000000002e-24
-21.351	9.73268e-25
-21.318	9.46818e-25
-21.285	9.411459999999998e-25
-21.252	9.735179999999999e-25
-21.219	1.03528e-24
-21.186	1.12978e-24
-21.153	1.23436e-24
-21.12	1.3492e-24
-21.087	1.4439400000000002e-24
-21.054	1.5185500000000002e-24
-21.021	1.5485700000000002e-24
-20.988	1.5356200000000001e-24
-20.955	1.4777300000000001e-24
-20.922	1.3762000000000003e-24
-20.889	1.251e-24
-20.856	1.0981000000000001e-24
-20.823	9.485919999999999e-25
-20.79	8.058669999999999e-25
-20.757	6.9301099999999995e-25
-20.724	6.091649999999999e-25
-20.691	5.617e-25
-20.658	5.45045e-25
-20.625	5.484569999999999e-25
-20.592	5.65509e-25
-20.559	5.777869999999999e-25
-20.526	5.85953e-25
-20.493	5.74694e-25
-20.46	5.49558e-25
-20.427	5.022689999999999e-25
-20.394	4.43744e-25
-20.361	3.7263899999999997e-25
-20.328	2.9975e-25
-20.295	2.31933e-25
-20.262	1.7559199999999999e-25
-20.229	1.42365e-25
-20.196	1.32016e-25
-20.163	1.54275e-25
-20.13	2.0363799999999996e-25
-20.097	2.8508399999999998e-25
-20.064	3.9052399999999997e-25
-20.031	5.16387e-25
-19.998	6.62017e-25
-19.965	8.312559999999998e-25
-19.932	1.0488900000000001e-24
-19.899	1.347e-24
-19.866	1.81413e-24
-19.833	2.5426200000000002e-24
-19.8	3.72681e-24
-19.767	5.635200000000001e-24
-19.734	8.692460000000002e-24
-19.701	1.3603400000000002e-23
-19.668	2.1376100000000004e-23
-19.635	3.3570300000000004e-23
-19.602	5.23039e-23
-19.569	8.073240000000001e-23
-19.536	1.23134e-22
-19.503	1.85848e-22
-19.47	2.77989e-22
-19.437	4.12908e-22
-19.404	6.105190000000001e-22
-19.371	8.99307e-22
-19.338	1.32153e-21
-19.305	1.93721e-21
-19.272	2.8340799999999997e-21
-19.239	4.1368299999999996e-21
-19.206	6.0258999999999996e-21
-19.173	8.760389999999999e-21
-19.14	1.27128e-20
-19.107	1.8420399999999997e-20
-19.074	2.66534e-20
-19.041	3.8523399999999997e-20
-19.008	5.562059999999999e-20
-18.975	8.02338e-20
-18.942	1.15643e-19
-18.909	1.66551e-19
-18.876	2.39696e-19
-18.843	3.44702e-19
-18.81	4.95317e-19
-18.777	7.11107e-19
-18.744	1.01993e-18
-18.711	1.46138e-18
-18.678	2.0917000000000002e-18
-18.645	2.99075e-18
-18.612	4.2717500000000004e-18
-18.579	6.095030000000001e-18
-18.546	8.687210000000001e-18
-18.513	1.23684e-17
-18.48	1.7589900000000002e-17
-18.447	2.4988600000000003e-17
-18.414	3.5461100000000006e-17
-18.381	5.026900000000001e-17
-18.348	7.11848e-17
-18.315	1.00694e-16
-18.282	1.4227700000000001e-16
-18.249	2.0080599999999998e-16
-18.216	2.8309000000000003e-16
-18.183	3.9864399999999998e-16
-18.15	5.60744e-16
-18.117	7.87885e-16
-18.084	1.1057900000000002e-15
-18.051	1.5502000000000002e-15
-18.018	2.17066e-15
-17.985	3.0359e-15
-17.952	4.24112e-15
-17.919	5.91801e-15
-17.886	8.24856e-15
-17.853	1.1483699999999998e-14
-17.82	1.5969e-14
-17.787	2.2179600000000002e-14
-17.754	3.0768499999999997e-14
-17.721	4.2632700000000003e-14
-17.688	5.9002e-14
-17.655	8.156140000000001e-14
-17.622	1.12614e-13
-17.589	1.55304e-13
-17.556	2.13917e-13
-17.523	2.94288e-13
-17.49	4.0435900000000003e-13
-17.457	5.549260000000001e-13
-17.424	7.60646e-13
-17.391	1.04138e-12
-17.358	1.42399e-12
-17.325	1.94476e-12
-17.292	2.65262e-12
-17.259	3.6135799999999996e-12
-17.226	4.916509999999999e-12
-17.193	6.68098e-12
-17.16	9.06752e-12
-17.127	1.2291199999999998e-11
-17.094	1.66399e-11
-17.061	2.24981e-11
-17.028	3.03793e-11
-16.995	4.09684e-11
-16.962	5.5177899999999993e-11
-16.929	7.42217e-11
-16.896	9.97108e-11
-16.863	1.3378e-10
-16.83	1.79252e-10
-16.797	2.3985900000000003e-10
-16.764	3.20531e-10
-16.731	4.27769e-10
-16.698	5.70139e-10
-16.665	7.58895e-10
-16.632	1.0088e-9
-16.599	1.3391800000000001e-9
-16.566	1.77532e-9
-16.533	2.35026e-9
-16.5	3.1071300000000002e-9
-16.467	4.1021700000000005e-9
-16.434	5.4085300000000006e-9
-16.401	7.12116e-9
-16.368	9.363070000000002e-9
-16.335	1.2293400000000001e-8
-16.302	1.61179e-8
-16.269	2.1102099999999998e-8
-16.236	2.7588599999999998e-8
-16.203	3.60184e-8
-16.17	4.69576e-8
-16.137	6.11317e-8
-16.104	7.946850000000001e-8
-16.071	1.03153e-7
-16.038	1.3369999999999999e-7
-16.005	1.73038e-7
-15.972	2.23622e-7
-15.939	2.88572e-7
-15.906	3.71837e-7
-15.873	4.784080000000001e-7
-15.84	6.14588e-7
-15.807	7.88321e-7
-15.774	1.0096099999999999e-6
-15.741	1.29106e-6
-15.708	1.6484399999999998e-6
-15.675	2.10154e-6
-15.642	2.67502e-6
-15.609	3.39963e-6
-15.576	4.31363e-6
-15.543	5.46462e-6
-15.51	6.91166e-6
-15.477	8.727959999999999e-6
-15.444	0.000011004
-15.411	0.0000138511
-15.378	0.0000174064
-15.345	0.0000218381
-15.312	0.0000273522
-15.279	0.0000342011
-15.246	0.0000426935
-15.213	0.0000532052
-15.18	0.0000661933
-15.147	0.0000822114
-15.114	0.000101929
-15.081	0.000126155
-15.048	0.000155862
-15.015	0.000192225
-14.982	0.000236651
-14.949	0.000290828
-14.916	0.000356765
-14.883	0.000436856
-14.85	0.000533941
-14.817	0.000651383
-14.784	0.000793165
-14.751	0.000963985
-14.718	0.00116937
-14.685	0.00141581
-14.652	0.00171086
-14.619	0.00206335
-14.586	0.0024835
-14.553	0.00298316
-14.52	0.00357605
-14.487	0.00427797
-14.454	0.00510705
-14.421	0.00608398
-14.388	0.0072323
-14.355	0.00857866
-14.322	0.0101531
-14.289	0.0119895
-14.256	0.0141256
-14.223	0.0166037
-14.19	0.0194706
-14.157	0.0227774
-14.124	0.0265805
-14.091	0.0309405
-14.058	0.035923
-14.025	0.041598
-13.992	0.0480399
-13.959	0.0553266
-13.926	0.0635391
-13.893	0.0727598
-13.86	0.0830713
-13.827	0.0945549
-13.794	0.107289
-13.761	0.121345
-13.728	0.136791
-13.695	0.153679
-13.662	0.172053
-13.629	0.191937
-13.596	0.213335
-13.563	0.236229
-13.53	0.260576
-13.497	0.286306
-13.464	0.31332
-13.431	0.341491
-13.398	0.370661
-13.365	0.400643
-13.332	0.431223
-13.299	0.46217
-13.266	0.493238
-13.233	0.524179
-13.2	0.554742
-13.167	0.584682
-13.134	0.613765
-13.101	0.641779
-13.068	0.668547
-13.035	0.693935
-13.002	0.717859
-12.969	0.740279
-12.936	0.761191
-12.903	0.780614
-12.87	0.79859
-12.837	0.815176
-12.804	0.830448
-12.771	0.844488
-12.738	0.857365
-12.705	0.869103
-12.672	0.879664
-12.639	0.888929
-12.606	0.896703
-12.573	0.902726
-12.54	0.906676
-12.507	0.908181
-12.474	0.906818
-12.441	0.90214
-12.408	0.893707
-12.375	0.881156
-12.342	0.864258
-12.309	0.84298
-12.276	0.817514
-12.243	0.788306
-12.21	0.756056
-12.177	0.721721
-12.144	0.6865
-12.111	0.651779
-12.078	0.619044
-12.045	0.58976
-12.012	0.565245
-11.979	0.546561
-11.946	0.534448
-11.913	0.529286
-11.88	0.531092
-11.847	0.539529
-11.814	0.553938
-11.781	0.573396
-11.748	0.596805
-11.715	0.622993
-11.682	0.650822
-11.649	0.679269
-11.616	0.707456
-11.583	0.734656
-11.55	0.76026
-11.517	0.783742
-11.484	0.804617
-11.451	0.822407
-11.418	0.836617
-11.385	0.846732
-11.352	0.852241
-11.319	0.852688
-11.286	0.847762
-11.253	0.837375
-11.22	0.82175
-11.187	0.801466
-11.154	0.777491
-11.121	0.751161
-11.088	0.724121
-11.055	0.698198
-11.022	0.67522
-10.989	0.656808
-10.956	0.64419
-10.923	0.638083
-10.89	0.638656
-10.857	0.645592
-10.824	0.658177
-10.791	0.675424
-10.758	0.696178
-10.725	0.719206
-10.692	0.743279
-10.659	0.767221
-10.626	0.789949
-10.593	0.81047
-10.56	0.827877
-10.527	0.841336
-10.494	0.850113
-10.461	0.853616
-10.428	0.851482
-10.395	0.843666
-10.362	0.83053
-10.329	0.812905
-10.296	0.792102
-10.263	0.769837
-10.23	0.748078
-10.197	0.728803
-10.164	0.713741
-10.131	0.704153
-10.098	0.700704
-10.065	0.70346
-10.032	0.71197
-9.999	0.725394
-9.966	0.742632
-9.933	0.762429
-9.9	0.783445
-9.867	0.804322
-9.834	0.823724
-9.801	0.84039
-9.768	0.85318
-9.735	0.861155
-9.702	0.863667
-9.669	0.860469
-9.636	0.8518
-9.603	0.838425
-9.57	0.821604
-9.537	0.80299
-9.504	0.784466
-9.471	0.76795
-9.438	0.755172
-9.405	0.747461
-9.372	0.745576
-9.339	0.749622
-9.306	0.759076
-9.273	0.77292
-9.24	0.789812
-9.207	0.808269
-9.174	0.826796
-9.141	0.843958
-9.108	0.858431
-9.075	0.86905
-9.042	0.874886
-9.009	0.875358
-8.976	0.870358
-8.943	0.860352
-8.91	0.846428
-8.877	0.830228
-8.844	0.813757
-8.811	0.799093
-8.778	0.78805
-8.745	0.781906
-8.712	0.781255
-8.679	0.786016
-8.646	0.795542
-8.613	0.808787
-8.58	0.82445
-8.547	0.841079
-8.514	0.857152
-8.481	0.871159
-8.448	0.881708
-8.415	0.887671
-8.382	0.888357
-8.349	0.883676
-8.316	0.874241
-8.283	0.861352
-8.25	0.846831
-8.217	0.832732
-8.184	0.820995
-8.151	0.813139
-8.118	0.810084
-8.085	0.812103
-8.052	0.818883
-8.019	0.829635
-7.986	0.8432
-7.953	0.858152
-7.92	0.872901
-7.887	0.885821
-7.854	0.895414
-7.821	0.90051
-7.788	0.900468
-7.755	0.895346
-7.722	0.885962
-7.689	0.873812
-7.656	0.860821
-7.623	0.849004
-7.59	0.840108
-7.557	0.83535
-7.524	0.835299
-7.491	0.839888
-7.458	0.848512
-7.425	0.86014
-7.392	0.873427
-7.359	0.88683
-7.326	0.898734
-7.293	0.907632
-7.26	0.912333
-7.227	0.912183
-7.194	0.907242
-7.161	0.898357
-7.128	0.887066
-7.095	0.875341
-7.062	0.865204
-7.029	0.858337
-6.996	0.855792
-6.963	0.85787
-6.93	0.864177
-6.897	0.873774
-6.864	0.885365
-6.831	0.89747
-6.798	0.908569
-6.765	0.91725
-6.732	0.922371
-6.699	0.923231
-6.666	0.919726
-6.633	0.912441
-6.6	0.90263
-6.567	0.892051
-6.534	0.882658
-6.501	0.876226
-6.468	0.873981
-6.435	0.876368
-6.402	0.882996
-6.369	0.892761
-6.336	0.904097
-6.303	0.915269
-6.27	0.924646
-6.237	0.930937
-6.204	0.93337
-6.171	0.931785
-6.138	0.926651
-6.105	0.918976
-6.072	0.910148
-6.039	0.901722
-6.006	0.895197
-5.973	0.891792
-5.94	0.892252
-5.907	0.896701
-5.874	0.90458
-5.841	0.914703
-5.808	0.92543
-5.775	0.934954
-5.742	0.941635
-5.709	0.94434
-5.676	0.942703
-5.643	0.937234
-5.61	0.929226
-5.577	0.920464
-5.544	0.912815
-5.511	0.907812
-5.478	0.906366
-5.445	0.908665
-5.412	0.91423
-5.379	0.92209
-5.346	0.930981
-5.313	0.939536
-5.28	0.946467
-5.247	0.950736
-5.214	0.951713
-5.181	0.949303
-5.148	0.944001
-5.115	0.936857
-5.082	0.929332
-5.049	0.923041
-5.016	0.919431
-4.983	0.919451
-4.95	0.923315
-4.917	0.93042
-4.884	0.93945
-4.851	0.948653
-4.818	0.95622
-4.785	0.960691
-4.752	0.96129
-4.719	0.958115
-4.686	0.952114
-4.653	0.94484
-4.62	0.938058
-4.587	0.933308
-4.554	0.931576
-4.521	0.933137
-4.488	0.937598
-4.455	0.944059
-4.422	0.951338
-4.389	0.958185
-4.356	0.963483
-4.323	0.966412
-4.29	0.966575
-4.257	0.964063
-4.224	0.959455
-4.191	0.953734
-4.158	0.948137
-4.125	0.94394
-4.092	0.942213
-4.059	0.943565
-4.026	0.947963
-3.993	0.954681
-3.96	0.962407
-3.927	0.969517
-3.894	0.974452
-3.861	0.976112
-3.828	0.974169
-3.795	0.969196
-3.762	0.962554
-3.729	0.956046
-3.696	0.951431
-3.663	0.949954
-3.63	0.952025
-3.597	0.957144
-3.564	0.964083
-3.531	0.971224
-3.498	0.976986
-3.465	0.980199
-3.432	0.980371
-3.399	0.977768
-3.366	0.973306
-3.333	0.968268
-3.3	0.963957
-3.267	0.96138
-3.234	0.961057
-3.201	0.962985
-3.168	0.966716
-3.135	0.971498
-3.102	0.976431
-3.069	0.980629
-3.036	0.983358
-3.003	0.984171
-2.97	0.982988
-2.937	0.980124
-2.904	0.976245
-2.871	0.972262
-2.838	0.969174
-2.805	0.967852
-2.772	0.968824
-2.739	0.9721
-2.706	0.977108
-2.673	0.982779
-2.64	0.987792
-2.607	0.990907
-2.574	0.991313
-2.541	0.988892
-2.508	0.984303
-2.475	0.978844
-2.442	0.974117
-2.409	0.971571
-2.376	0.972074
-2.343	0.975638
-2.31	0.981405
-2.277	0.987878
-2.244	0.993341
-2.211	0.996349
-2.178	0.996147
-2.145	0.992906
-2.112	0.98768
-2.079	0.9821
-2.046	0.977879
-2.013	0.9763
-1.98	0.977839
-1.947	0.982058
-1.914	0.987759
-1.881	0.99336
-1.848	0.997357
-1.815	0.998755
-1.782	0.997339
-1.749	0.993718
-1.716	0.989119
-1.683	0.985001
-1.65	0.982603
-1.617	0.98259
-1.584	0.984891
-1.551	0.98878
-1.518	0.993132
-1.485	0.996767
-1.452	0.998786
-1.419	0.998801
-1.386	0.997018
-1.353	0.994141
-1.32	0.991134
-1.287	0.988919
-1.254	0.988102
-1.221	0.988837
-1.188	0.990827
-1.155	0.993469
-1.122	0.996047
-1.089	0.997937
-1.056	0.998753
-1.023	0.998434
-0.99	0.997228
-0.957	0.995598
-0.924	0.994063
-0.891	0.993047
-0.858	0.992779
-0.825	0.993268
-0.792	0.994342
-0.759	0.995723
-0.726	0.997095
-0.693	0.998174
-0.66	0.998767
-0.627	0.99881
-0.594	0.998372
-0.561	0.997619
-0.528	0.996763
-0.495	0.99601
-0.462	0.995533
-0.429	0.99545
-0.396	0.995803
-0.363	0.99654
-0.33	0.997509
-0.297	0.998493
-0.264	0.999265
-0.231	0.999651
-0.198	0.999569
-0.165	0.999047
-0.132	0.998216
-0.099	0.997291
-0.066	0.996524
-0.033	0.99614
0.	0.996265
0.033	0.996876
0.066	0.997808
0.099	0.998806
0.132	0.999605
0.165	1.
0.198	0.999892
0.231	0.99931
0.264	0.998407
0.297	0.997425
0.33	0.996628
0.363	0.99622
0.396	0.996286
0.429	0.996771
0.462	0.997515
0.495	0.998311
0.528	0.998958
0.561	0.999302
0.594	0.999258
0.627	0.998828
0.66	0.998103
0.693	0.997241
0.726	0.996418
0.759	0.995785
0.792	0.995445
0.825	0.995448
0.858	0.995794
0.891	0.996425
0.924	0.997213
0.957	0.997965
0.99	0.998458
1.023	0.998499
1.056	0.997982
1.089	0.99693
1.122	0.995506
1.155	0.993996
1.188	0.992761
1.221	0.992154
1.254	0.992405
1.287	0.993521
1.32	0.995235
1.353	0.997053
1.386	0.998384
1.419	0.998713
1.452	0.997766
1.485	0.995624
1.518	0.992737
1.551	0.989839
1.584	0.987749
1.617	0.987127
1.65	0.988241
1.683	0.990835
1.716	0.994167
1.749	0.997205
1.782	0.998922
1.815	0.998615
1.848	0.99615
1.881	0.992044
1.914	0.987355
1.947	0.983395
1.98	0.981332
2.013	0.981816
2.046	0.984748
2.079	0.989276
2.112	0.994026
2.145	0.997493
2.178	0.998496
2.211	0.996541
2.244	0.992012
2.277	0.986077
2.31	0.980369
2.343	0.976483
2.376	0.9755
2.409	0.977647
2.442	0.982233
2.475	0.987856
2.508	0.992808
2.541	0.99557
2.574	0.995247
2.607	0.991832
2.64	0.986206
2.673	0.979873
2.706	0.974507
2.739	0.971459
2.772	0.97138
2.805	0.974076
2.838	0.978617
2.871	0.983636
2.904	0.987717
2.937	0.989759
2.97	0.989237
3.003	0.986299
3.036	0.981688
3.069	0.976504
3.102	0.971895
3.135	0.968771
3.168	0.967622
3.201	0.968477
3.234	0.970965
3.267	0.974434
3.3	0.978081
3.333	0.981086
3.366	0.982738
3.399	0.982566
3.432	0.980429
3.465	0.976572
3.498	0.971609
3.531	0.966442
3.564	0.962107
3.597	0.959561
3.63	0.95944
3.663	0.96186
3.696	0.966311
3.729	0.971719
3.762	0.976665
3.795	0.97973
3.828	0.979874
3.861	0.976748
3.894	0.970848
3.927	0.963433
3.96	0.956215
3.993	0.950904
4.026	0.948732
4.059	0.95012
4.092	0.954581
4.125	0.960866
4.158	0.967303
4.191	0.972219
4.224	0.974346
4.257	0.973111
4.29	0.968752
4.323	0.962227
4.356	0.95494
4.389	0.948373
4.422	0.94374
4.455	0.941751
4.488	0.942543
4.521	0.945735
4.554	0.950557
4.587	0.955996
4.62	0.960945
4.653	0.96436
4.686	0.965422
4.719	0.963694
4.752	0.959236
4.785	0.95265
4.818	0.945018
4.851	0.937737
4.884	0.932241
4.917	0.92968
4.95	0.930626
4.983	0.934891
5.016	0.941528
5.049	0.94901
5.082	0.955563
5.115	0.959564
5.148	0.959923
5.181	0.956358
5.214	0.949474
5.247	0.940627
5.28	0.931583
5.313	0.924083
5.346	0.919444
5.379	0.91831
5.412	0.9206
5.445	0.925622
5.478	0.932266
5.511	0.939227
5.544	0.945191
5.577	0.949015
5.61	0.949883
5.643	0.947433
5.676	0.941842
5.709	0.933842
5.742	0.924641
5.775	0.915748
5.808	0.908712
5.841	0.904818
5.874	0.904795
5.907	0.908634
5.94	0.915555
5.973	0.924144
6.006	0.932626
6.039	0.939219
6.072	0.942482
6.105	0.941614
6.138	0.936621
6.171	0.928315
6.204	0.918128
6.237	0.907789
6.27	0.898966
6.303	0.892953
6.336	0.890502
6.369	0.89178
6.402	0.896412
6.435	0.903575
6.468	0.912096
6.501	0.920568
6.534	0.927508
6.567	0.931566
6.6	0.931756
6.633	0.927685
6.666	0.919698
6.699	0.908899
6.732	0.896987
6.765	0.885928
6.798	0.877547
6.831	0.873144
6.864	0.873253
6.897	0.877602
6.93	0.885238
6.963	0.894764
6.996	0.904586
7.029	0.913134
7.062	0.919048
7.095	0.92132
7.128	0.919427
7.161	0.913408
7.194	0.903899
7.227	0.892076
7.26	0.879528
7.293	0.868028
7.326	0.859256
7.359	0.854502
7.392	0.854423
7.425	0.858924
7.458	0.867184
7.491	0.877819
7.524	0.889124
7.557	0.899329
7.59	0.906847
7.623	0.910469
7.656	0.909526
7.689	0.903976
7.722	0.894416
7.755	0.881998
7.788	0.868268
7.821	0.854958
7.854	0.843755
7.887	0.836078
7.92	0.832887
7.953	0.834534
7.986	0.840712
8.019	0.850494
8.052	0.862469
8.085	0.874941
8.118	0.886152
8.151	0.894496
8.184	0.898717
8.217	0.89807
8.25	0.89243
8.283	0.882324
8.316	0.868872
8.349	0.853633
8.382	0.838394
8.415	0.824936
8.448	0.814818
8.481	0.80918
8.514	0.808609
8.547	0.813057
8.58	0.821864
8.613	0.833854
8.646	0.847501
8.679	0.861119
8.712	0.873045
8.745	0.881797
8.778	0.886212
8.811	0.885576
8.844	0.879711
8.877	0.869032
8.91	0.854523
8.943	0.837645
8.976	0.820179
9.009	0.80402
9.042	0.790937
9.075	0.782341
9.108	0.779085
9.141	0.781361
9.174	0.788699
9.207	0.800094
9.24	0.814182
9.273	0.829435
9.306	0.844306
9.339	0.85733
9.372	0.867192
9.405	0.872797
9.438	0.873346
9.471	0.868444
9.504	0.858191
9.537	0.843259
9.57	0.82489
9.603	0.804815
9.636	0.785055
9.669	0.767645
9.702	0.754326
9.735	0.746298
9.768	0.744088
9.801	0.747573
9.834	0.7561
9.867	0.768657
9.9	0.784025
9.933	0.80089
9.966	0.817899
9.999	0.833703
10.032	0.846995
10.065	0.856564
10.098	0.861375
10.131	0.860682
10.164	0.85414
10.197	0.841918
10.23	0.824749
10.263	0.803898
10.296	0.781044
10.329	0.758095
10.362	0.736972
10.395	0.719414
10.428	0.706805
10.461	0.700045
10.494	0.699477
10.527	0.704875
10.56	0.715515
10.593	0.73031
10.626	0.74798
10.659	0.7672
10.692	0.786707
10.725	0.805336
10.758	0.822019
10.791	0.835762
10.824	0.845644
10.857	0.850838
10.89	0.850666
10.923	0.844688
10.956	0.832802
10.989	0.815343
11.022	0.793141
11.055	0.7675
11.088	0.740103
11.121	0.712838
11.154	0.687601
11.187	0.666111
11.22	0.649759
11.253	0.639502
11.286	0.635806
11.319	0.638625
11.352	0.647439
11.385	0.661345
11.418	0.6792
11.451	0.699769
11.484	0.721863
11.517	0.744414
11.55	0.766502
11.583	0.787336
11.616	0.806219
11.649	0.82251
11.682	0.835595
11.715	0.844871
11.748	0.849756
11.781	0.849712
11.814	0.844305
11.847	0.833275
11.88	0.816612
11.913	0.794608
11.946	0.767878
11.979	0.73736
12.012	0.704286
12.045	0.670132
12.078	0.636539
12.111	0.605194
12.144	0.577689
12.177	0.555375
12.21	0.539252
12.243	0.529905
12.276	0.527498
12.309	0.531811
12.342	0.542299
12.375	0.558155
12.408	0.578384
12.441	0.601884
12.474	0.62754
12.507	0.654307
12.54	0.681282
12.573	0.707739
12.606	0.733134
12.639	0.757083
12.672	0.779341
12.705	0.799776
12.738	0.818345
12.771	0.835065
12.804	0.849982
12.837	0.863135
12.87	0.874523
12.903	0.884103
12.936	0.891789
12.969	0.897471
13.002	0.901019
13.035	0.902286
13.068	0.901109
13.101	0.897307
13.134	0.890699
13.167	0.881137
13.2	0.868524
13.233	0.852834
13.266	0.83411
13.299	0.812452
13.332	0.788007
13.365	0.760966
13.398	0.731572
13.431	0.700126
13.464	0.666977
13.497	0.632511
13.53	0.597123
13.563	0.561198
13.596	0.525095
13.629	0.489151
13.662	0.45368
13.695	0.418976
13.728	0.385308
13.761	0.352906
13.794	0.321954
13.827	0.292586
13.86	0.264894
13.893	0.238934
13.926	0.214734
13.959	0.192302
13.992	0.171625
14.025	0.152667
14.058	0.135371
14.091	0.119661
14.124	0.105451
14.157	0.092649
14.19	0.0811602
14.223	0.0708915
14.256	0.0617499
14.289	0.0536431
14.322	0.0464792
14.355	0.0401688
14.388	0.0346269
14.421	0.0297742
14.454	0.0255377
14.487	0.0218508
14.52	0.0186522
14.553	0.0158855
14.586	0.013499
14.619	0.0114455
14.652	0.00968282
14.685	0.00817338
14.718	0.00688407
14.751	0.0057857
14.784	0.00485245
14.817	0.00406148
14.85	0.00339262
14.883	0.00282821
14.916	0.00235292
14.949	0.00195353
14.982	0.00161868
15.015	0.0013386
15.048	0.00110489
15.081	0.000910276
15.114	0.000748553
15.147	0.000614409
15.18	0.00050335
15.213	0.000411586
15.246	0.000335924
15.279	0.000273675
15.312	0.000222568
15.345	0.00018069
15.378	0.000146436
15.411	0.000118465
15.444	0.000095665
15.477	0.000077116
15.51	0.0000620553
15.543	0.0000498514
15.576	0.0000399813
15.609	0.0000320126
15.642	0.0000255895
15.675	0.0000204206
15.708	0.0000162681
15.741	0.0000129382
15.774	0.000010273
15.807	8.14392e-6
15.84	6.44595e-6
15.873	5.09398e-6
15.906	4.01914e-6
15.939	3.1659499999999997e-6
15.972	2.48984e-6
16.005	1.9550099999999998e-6
16.038	1.53269e-6
16.071	1.1998e-6
16.104	9.377980000000001e-7
16.137	7.31902e-7
16.17	5.703299999999999e-7
16.203	4.43733e-7
16.236	3.44705e-7
16.269	2.6737499999999997e-7
16.302	2.0708999999999998e-7
16.335	1.6016799999999998e-7
16.368	1.23698e-7
16.401	9.53921e-8
16.434	7.34535e-8
16.467	5.6475900000000003e-8
16.5	4.335880000000001e-8
16.533	3.32409e-8
16.566	2.54486e-8
16.599	1.94561e-8
16.632	1.48538e-8
16.665	1.1324000000000001e-8
16.698	8.62046e-9
16.731	6.553020000000001e-9
16.764	4.97448e-9
16.797	3.77108e-9
16.83	2.855e-9
16.863	2.15855e-9
16.896	1.6297600000000002e-9
16.929	1.22879e-9
16.962	9.25179e-10
16.995	6.95637e-10
17.028	5.22354e-10
17.061	3.91729e-10
17.094	2.9339e-10
17.127	2.1944900000000002e-10
17.16	1.63922e-10
17.193	1.22279e-10
17.226	9.109319999999999e-11
17.259	6.777319999999999e-11
17.292	5.0359599999999996e-11
17.325	3.73734e-11
17.358	2.77009e-11
17.391	2.05051e-11
17.424	1.51586e-11
17.457	1.11915e-11
17.49	8.252129999999999e-12
17.523	6.07724e-12
17.556	4.47012e-12
17.589	3.28399e-12
17.622	2.40958e-12
17.655	1.7657400000000001e-12
17.688	1.29228e-12
17.721	9.44594e-13
17.754	6.89615e-13
17.787	5.02867e-13
17.82	3.6625700000000003e-13
17.853	2.66437e-13
17.886	1.93583e-13
17.919	1.40475e-13
17.952	1.0181100000000001e-13
17.985	7.37015e-14
18.018	5.32909e-14
18.051	3.84885e-14
18.084	2.77652e-14
18.117	2.00056e-14
18.15	1.4397e-14
18.183	1.0348399999999999e-14
18.216	7.429570000000001e-15
18.249	5.327950000000001e-15
18.282	3.81654e-15
18.315	2.73079e-15
18.348	1.95165e-15
18.381	1.3931600000000001e-15
18.414	9.93311e-16
18.447	7.07404e-16
18.48	5.03226e-16
18.513	3.5758499999999997e-16
18.546	2.53814e-16
18.579	1.79953e-16
18.612	1.27438e-16
18.645	9.014410000000001e-17
18.678	6.369150000000001e-17
18.711	4.4952e-17
18.744	3.16921e-17
18.777	2.2319700000000003e-17
18.81	1.57018e-17
18.843	1.10337e-17
18.876	7.74446e-18
18.909	5.42959e-18
18.942	3.802340000000001e-18
18.975	2.6597700000000003e-18
19.008	1.8584e-18
19.041	1.2969100000000001e-18
19.074	9.0393e-19
19.107	6.29211e-19
19.14	4.37422e-19
19.173	3.03703e-19
19.206	2.10602e-19
19.239	1.4585999999999998e-19
19.272	1.00894e-19
19.305	6.97033e-20
19.338	4.80911e-20
19.371	3.31395e-20
19.404	2.28067e-20
19.437	1.5677499999999998e-20
19.47	1.07631e-20
19.503	7.380129999999999e-21
19.536	5.054249999999999e-21
19.569	3.457409999999999e-21
19.602	2.36351e-21
19.635	1.61477e-21
19.668	1.10344e-21
19.701	7.5412e-22
19.734	5.15646e-22
19.767	3.52451e-22
19.8	2.40738e-22
19.833	1.6423600000000002e-22
19.866	1.1183e-22
19.899	7.612440000000001e-23
19.932	5.175150000000001e-23
19.965	3.52316e-23
19.998	2.39965e-23
20.031	1.63862e-23
20.064	1.1237100000000001e-23
20.097	7.789500000000001e-24
20.13	5.5240500000000004e-24
20.163	4.03353e-24
20.196	3.08323e-24
20.229	2.43151e-24
20.262	1.96543e-24
20.295	1.5928200000000001e-24
20.328	1.2748900000000002e-24
20.361	1.00168e-24
20.394	7.6670199999999995e-25
20.427	5.818229999999999e-25
20.46	4.35893e-25
20.493	3.3228299999999998e-25
20.526	2.5277699999999996e-25
20.559	1.9649599999999998e-25
20.592	1.51794e-25
20.625	1.1735e-25
20.658	9.0363e-26
20.691	7.416789999999999e-26
20.724	7.21933e-26
20.757	8.727159999999998e-26
20.79	1.2289e-25
20.823	1.8037499999999997e-25
20.856	2.61215e-25
20.889	3.5653199999999995e-25
20.922	4.657049999999999e-25
20.955	5.7610799999999995e-25
20.988	6.8954e-25
21.021	7.84243e-25
21.054	8.763769999999999e-25
21.087	9.421749999999998e-25
21.12	9.98563e-25
21.153	1.0279100000000002e-24
21.186	1.05498e-24
21.219	1.0664000000000001e-24
21.252	1.0812600000000002e-24
21.285	1.1033100000000002e-24
21.318	1.1356800000000001e-24
21.351	1.18401e-24
21.384	1.2405100000000002e-24
21.417	1.3007100000000002e-24
21.45	1.3394600000000002e-24
21.483	1.3662900000000001e-24
21.516	1.3588100000000001e-24
21.549	1.3249000000000002e-24
21.582	1.2706900000000002e-24
21.615	1.2045100000000001e-24
21.648	1.1350800000000001e-24
21.681	1.07103e-24
21.714	1.02571e-24
21.747	9.8328e-25
21.78	9.63835e-25
21.813	9.420339999999999e-25
21.846	9.32189e-25
21.879	9.143739999999998e-25
21.912	9.04399e-25
21.945	8.878899999999998e-25
21.978	8.75074e-25
22.011	8.68212e-25
22.044	8.69025e-25
22.077	8.83035e-25
22.11	9.07858e-25
22.143	9.4771e-25
22.176	9.87886e-25
22.209	1.0357400000000002e-24
22.242	1.0705800000000002e-24
22.275	1.09475e-24
22.308	1.0973000000000001e-24
22.341	1.07741e-24
22.374	1.03382e-24
22.407	9.726349999999999e-25
22.44	9.05017e-25
22.473	8.308419999999999e-25
22.506	7.657979999999999e-25
22.539	7.033319999999999e-25
22.572	6.586029999999999e-25
22.605	6.175649999999999e-25
22.638	5.94488e-25
22.671	5.76337e-25
22.704	5.71312e-25
22.737	5.7492e-25
22.77	5.890929999999999e-25
22.803	6.07688e-25
22.836	6.25886e-25
22.869	6.40803e-25
22.902	6.393169999999999e-25
22.935	6.285089999999999e-25
22.968	5.970839999999999e-25
23.001	5.593029999999999e-25
23.034	5.08854e-25
23.067	4.59319e-25
23.1	4.0798399999999995e-25
23.133	3.5837099999999996e-25
23.166	3.1283599999999995e-25
23.199	2.6822e-25
23.232	2.31948e-25
23.265	2.0057299999999995e-25
23.298	1.82831e-25
23.331	1.7247699999999998e-25
23.364	1.79007e-25
23.397	1.9857999999999998e-25
23.43	2.36341e-25
23.463	2.9150699999999997e-25
23.496	3.66555e-25
23.529	4.56214e-25
23.562	5.5483499999999995e-25
23.595	6.589889999999999e-25
23.628	7.60649e-25
23.661	8.62432e-25
23.694	9.56671e-25
23.727	1.0536000000000001e-24
23.76	1.1426500000000001e-24
23.793	1.2310600000000002e-24
23.826	1.3049400000000002e-24
23.859	1.3688300000000002e-24
23.892	1.4221900000000003e-24
23.925	1.4624700000000002e-24
23.958	1.4980800000000002e-24
23.991	1.5198500000000002e-24
24.024	1.5468200000000003e-24
24.057	1.5534e-24
24.09	1.5513300000000003e-24
24.123	1.5230800000000001e-24
24.156	1.4781600000000001e-24
24.189	1.40754e-24
24.222	1.32781e-24
24.255	1.2455700000000002e-24
24.288	1.17254e-24
24.321	1.1238500000000002e-24
24.354	1.09777e-24
24.387	1.1056500000000002e-24
24.42	1.1352700000000002e-24
24.453	1.19112e-24
24.486	1.2532900000000001e-24
24.519	1.3198000000000003e-24
24.552	1.37817e-24
24.585	1.4184400000000001e-24
24.618	1.44125e-24
24.651	1.4344200000000002e-24
24.684	1.4115800000000002e-24
24.717	1.3608100000000003e-24
24.75	1.30574e-24
24.783	1.2346e-24
24.816	1.1677100000000002e-24
24.849	1.0973300000000001e-24
24.882	1.0342300000000002e-24
24.915	9.76895e-25
24.948	9.31183e-25
24.981	8.97198e-25
25.014	8.67739e-25
25.047	8.50479e-25
25.08	8.31966e-25
25.113	8.16568e-25
25.146	7.931559999999999e-25
25.179	7.698189999999999e-25
25.212	7.421189999999999e-25
25.245	7.17619e-25
25.278	6.99638e-25
25.311	6.889049999999999e-25
25.344	6.94577e-25
25.377	7.102089999999999e-25
25.41	7.454279999999999e-25
25.443	7.87649e-25
25.476	8.528169999999999e-25
25.509	9.259069999999998e-25
25.542	1.01449e-24
25.575	1.11104e-24
25.608	1.22155e-24
25.641	1.3328700000000002e-24
25.674	1.4432300000000001e-24
25.707	1.5479800000000002e-24
25.74	1.63133e-24
25.773	1.6998e-24
25.806	1.7362500000000003e-24
25.839	1.75116e-24
25.872	1.7356600000000002e-24
25.905	1.7039100000000003e-24
25.938	1.6527600000000002e-24
25.971	1.5879000000000002e-24
26.004	1.5245200000000002e-24
26.037	1.4512200000000002e-24
26.07	1.3870000000000001e-24
26.103	1.3234900000000003e-24
26.136	1.27497e-24
26.169	1.2296600000000002e-24
26.202	1.1963100000000001e-24
26.235	1.16142e-24
26.268	1.1185300000000002e-24
26.301	1.0697900000000002e-24
26.334	1.00006e-24
26.367	9.19996e-25
26.4	8.263669999999999e-25
26.433	7.3379e-25
26.466	6.38447e-25
26.499	5.53943e-25
26.532	4.78895e-25
26.565	4.157339999999999e-25
26.598	3.64976e-25
26.631	3.2456499999999995e-25
26.664	2.95134e-25
26.697	2.71634e-25
26.73	2.57441e-25
26.763	2.4595999999999997e-25
26.796	2.4077899999999995e-25
26.829	2.3547899999999996e-25
26.862	2.2945099999999995e-25
26.895	2.1724e-25
26.928	1.9953099999999998e-25
26.961	1.76015e-25
26.994	1.4730099999999998e-25
27.027	1.229e-25
27.06	1.02153e-25
27.093	9.097509999999999e-26
27.126	8.823739999999999e-26
27.159	9.230279999999999e-26
27.192	1.02434e-25
27.225	1.15199e-25
27.258	1.31634e-25
27.291	1.4678199999999997e-25
27.324	1.6196699999999998e-25
27.357	1.71539e-25
27.39	1.75445e-25
27.423	1.7276899999999998e-25
27.456	1.6103599999999999e-25
27.489	1.4468399999999998e-25
27.522	1.24108e-25
27.555	1.04579e-25
27.588	8.407239999999999e-26
27.621	6.804459999999999e-26
27.654	5.40221e-26
27.687	4.373e-26
27.72	3.487019999999999e-26
27.753	2.87272e-26
27.786	2.4196399999999996e-26
27.819	2.12598e-26
27.852	2.03589e-26
27.885	2.08075e-26
27.918	2.5011899999999996e-26
27.951	3.3263399999999997e-26
27.984	4.699729999999999e-26
28.017	6.79025e-26
28.05	9.419349999999999e-26
28.083	1.2531e-25
28.116	1.5722999999999998e-25
28.149	1.9041099999999997e-25
28.182	2.2017899999999996e-25
28.215	2.4820999999999997e-25
28.248	2.7500399999999997e-25
28.281	2.94149e-25
28.314	3.10054e-25
28.347	3.13034e-25
28.38	3.0825699999999997e-25
28.413	2.8842699999999995e-25
28.446	2.65672e-25
28.479	2.39458e-25
28.512	2.21863e-25
28.545	2.1594199999999996e-25
28.578	2.20071e-25
28.611	2.33032e-25
28.644	2.44545e-25
28.677	2.50247e-25
28.71	2.43078e-25
28.743	2.2822499999999997e-25
28.776	2.07716e-25
28.809	1.87974e-25
28.842	1.76662e-25
28.875	1.7087e-25
28.908	1.7784399999999999e-25
28.941	1.9196599999999998e-25
28.974	2.12696e-25
29.007	2.3619899999999997e-25
29.04	2.6266699999999995e-25
29.073	2.88308e-25
29.106	3.08617e-25
29.139	3.27137e-25
29.172	3.3596499999999996e-25
29.205	3.3770299999999997e-25
29.238	3.2837799999999997e-25
29.271	3.1257599999999997e-25
29.304	2.9134799999999995e-25
29.337	2.71658e-25
29.37	2.6000799999999997e-25
29.403	2.5811999999999997e-25
29.436	2.73744e-25
29.469	2.9996999999999994e-25
29.502	3.3410899999999995e-25
29.535	3.6855899999999995e-25
29.568	3.96471e-25
29.601	4.1530999999999995e-25
29.634	4.22674e-25
29.667	4.296369999999999e-25
29.7	4.34474e-25
29.733	4.50996e-25
29.766	4.739979999999999e-25
29.799	5.010919999999999e-25
29.832	5.25202e-25
29.865	5.326669999999999e-25
29.898	5.194829999999999e-25
29.931	4.805229999999999e-25
29.964	4.230289999999999e-25
29.997	3.49277e-25
